18 3
19 2
20 6
21 5
22 4
23 3
24 7
25 6
26 5
27 4
28 8
29 7
30 6
31 5
33 5
35 1
36 7
37 6
38 5
39 2
40 8
41 7
42 6
43 5
44 9
45 8
46 7
47 6
49 6
50 5
52 6
53 5
54 4
55 3
56 7
57 6
58 5
59 4
60 8
61 7
62 6
63 5
65 6
66 5
67 4
69 7
70 6
71 5
72 9
73 8
74 7
75 6
76 10
77 9
78 8
79 7
81 5
82 4
83 3
84 7
86 5
87 4
88 8
89 7
90 6
91 5
92 9
93 8
94 7
95 6
97 4
98 3
99 2
100 6
101 5
103 3
104 7
105 6
106 5
107 4
108 8
109 7
110 6
111 5
113 5
114 4
115 3
116 7
117 6
118 5
120 8
121 7
122 6
123 5
124 9
125 8
126 7
127 6
129 7
130 6
131 5
132 9
133 8
134 7
135 6
137 9
138 8
139 7
140 11
141 10
142 9
143 8
145 6
146 5
147 4
148 8
149 7
150 6
151 5
152 9
154 7
155 6
156 10
157 9
158 8
159 7
161 5
162 4
163 3
164 7
165 6
166 5
167 4
168 8
169 7
171 5
172 9
173 8
174 7
175 6
177 6
178 5
179 4
180 8
181 7
182 6
183 5
184 9
185 8
186 7
188 10
189 9
190 8
191 7
193 8
194 7
195 6
196 10
197 9
198 8
199 7
200 11
201 10
202 9
203 8
205 11
206 10
207 9
209 7
210 6
211 5
212 9
213 8
214 7
215 6
216 10
217 9
218 8
219 7
220 11
222 9
223 8
225 6
226 5
227 4
228 8
229 7
230 6
231 5
232 9
233 8
234 7
235 6
236 10
237 9
239 7
241 7
242 6
243 5
244 9
245 8
246 7
247 6
248 10
249 9
250 8
251 7
252 11
253 10
254 9
258 5
259 4
260 8
261 7
262 6
263 5
264 9
265 8
266 7
267 6
268 10
269 9
270 8
271 7
288 7
291 0
292 6
293 5
294 6
295 1
296 7
297 6
298 5
299 4
300 8
301 7
302 6
303 5
304 8
306 6
308 5
309 4
310 3
311 2
312 6
313 5
314 4
315 3
316 7
317 6
318 5
319 4
320 8
322 4
323 5
325 6
326 5
327 6
328 8
329 7
330 6
331 7
332 9
333 8
334 7
335 8
336 7
338 3
339 4
340 8
342 4
343 5
344 7
345 6
346 5
347 6
348 8
349 7
350 6
351 7
352 6
354 2
355 1
356 7
357 6
359 4
360 8
361 7
362 6
363 5
364 9
365 8
366 7
367 6
368 7
370 3
371 4
372 6
373 5
374 4
376 7
377 6
378 5
379 4
380 8
381 7
382 6
383 5
384 9
386 5
387 6
388 8
389 7
390 6
391 7
393 8
394 7
395 8
396 10
397 9
398 8
399 9
400 8
402 4
403 5
404 7
405 6
406 5
407 6
408 8
410 6
411 7
412 9
413 8
414 7
415 8
416 7
418 3
419 4
420 6
421 5
422 4
423 5
424 7
425 6
427 6
428 8
429 7
430 8
431 7
432 8
434 4
435 5
436 7
437 6
438 5
439 6
440 8
441 7
442 6
444 9
445 8
446 7
447 6
448 10
450 6
451 7
452 9
453 8
454 7
455 8
456 10
457 9
458 8
459 9
461 10
462 9
463 10
464 9
466 5
467 6
468 8
469 7
470 6
471 7
472 9
473 8
474 7
475 8
476 10
478 8
479 9
480 8
482 4
483 5
484 7
485 6
486 5
487 6
488 8
489 7
490 6
491 7
492 9
493 8
495 8
496 9
498 5
499 6
500 8
501 7
502 6
503 7
504 9
505 8
506 7
507 8
508 10
509 9
510 8
513 7
515 5
516 9
517 8
518 7
519 6
520 10
521 9
522 8
523 7
524 11
525 10
526 9
527 8
528 9
531 4
532 8
533 7
534 6
535 5
536 9
537 8
538 7
539 6
540 10
541 9
542 8
543 7
560 7
561 6
564 6
565 5
566 4
567 3
568 7
569 6
570 5
571 4
572 8
573 7
574 6
575 5
576 9
577 8
579 4
581 7
582 6
583 5
584 9
585 8
586 7
587 8
588 10
589 9
590 8
591 9
592 8
593 7
595 3
596 9
598 5
599 4
600 8
601 7
602 6
603 7
604 9
605 8
606 7
607 8
608 7
609 8
611 2
612 8
613 7
615 3
616 9
617 8
618 7
619 6
620 10
621 9
622 8
623 7
624 8
625 7
627 3
628 7
629 6
630 5
632 8
633 7
634 6
635 5
636 9
637 8
638 7
639 6
640 10
641 9
643 5
644 9
645 8
646 7
647 6
649 9
650 8
651 9
652 11
653 10
654 9
655 10
656 9
657 8
659 4
660 8
661 7
662 6
663 5
664 9
666 7
667 8
668 10
669 9
670 8
671 9
672 8
673 7
675 3
676 7
677 6
678 5
679 4
680 8
681 7
683 7
684 9
685 8
686 9
687 8
688 9
689 8
691 4
692 8
693 7
694 6
695 5
696 9
697 8
698 7
700 10
701 9
702 8
703 7
704 11
705 10
707 6
708 10
709 9
710 8
711 7
712 11
713 10
714 9
715 10
717 11
718 10
719 11
720 10
721 9
723 5
724 9
725 8
726 7
727 6
728 10
729 9
730 8
731 9
732 11
734 9
735 10
736 9
737 8
739 4
740 8
741 7
742 6
743 5
744 9
745 8
746 7
747 8
748 10
749 9
751 9
752 10
753 9
755 5
756 9
757 8
758 7
759 6
760 10
761 9
762 8
763 9
764 11
765 10
766 9
769 8
770 7
772 10
773 9
774 8
775 7
776 11
777 10
778 9
779 8
780 12
781 11
782 10
783 9
784 10
786 6
788 9
789 8
790 7
791 6
792 10
793 9
794 8
795 7
796 11
797 10
798 9
799 8
800 9
801 8
804 8
805 7
806 6
807 5
808 9
809 8
810 7
811 6
812 10
813 9
814 8
815 7
832 10
833 9
834 8
837 8
838 7
839 6
840 10
841 9
842 8
843 7
844 11
845 10
846 9
847 8
848 9
849 8
850 7
852 10
854 6
855 5
856 9
857 8
858 7
859 6
860 10
861 9
862 8
863 7
864 8
865 7
866 6
868 9
869 8
871 4
872 10
873 9
874 8
875 5
876 11
877 10
878 9
879 8
880 9
881 8
882 7
884 8
885 7
886 6
888 9
889 8
890 7
891 6
892 10
893 9
894 8
895 7
896 11
897 10
898 9
900 10
901 9
902 8
903 7
905 10
906 9
907 8
908 12
909 11
910 10
911 9
912 10
913 9
914 8
916 9
917 8
918 7
919 6
920 10
922 8
923 7
924 11
925 10
926 9
927 8
928 9
929 8
930 7
932 8
933 7
934 6
935 5
936 9
937 8
939 6
940 10
941 9
942 8
943 7
944 10
945 9
946 8
948 9
949 8
950 7
951 6
952 10
953 9
954 8
956 11
957 10
958 9
959 8
960 12
961 11
962 10
964 11
965 10
966 9
967 8
968 12
969 11
970 10
971 9
973 12
974 11
975 10
976 11
977 10
978 9
980 10
981 9
982 8
983 7
984 11
985 10
986 9
987 8
988 12
990 10
991 9
992 10
993 9
994 8
996 9
997 8
998 7
999 6
1000 10
1001 9
1002 8
1003 7
1004 11
1005 10
1007 8
1008 11
1009 10
1010 9
1012 10
1013 9
1014 8
1015 7
1016 11
1017 10
1018 9
1019 8
1020 12
1021 11
1022 10
1025 6
1026 5
1027 4
1029 7
1030 6
1031 5
1032 9
1033 8
1034 7
1035 6
1036 10
1037 9
1038 8
1039 7
1040 8
1042 4
1043 3
1045 6
1046 5
1047 4
1048 8
1049 7
1050 6
1051 5
1052 9
1053 8
1054 7
1055 6
1056 7
1057 6
1059 2
1061 7
1062 6
1063 3
1064 9
1065 8
1066 7
1067 6
1068 10
1069 9
1070 8
1071 7
1072 8
1073 7
1074 6
1077 6
1078 5
1079 4
1080 8
1081 7
1082 6
1083 5
1084 9
1085 8
1086 7
1087 6
1104 7
1105 6
1106 5
1107 4
1110 6
1111 5
1112 9
1113 8
1114 7
1115 6
1116 10
1117 9
1118 8
1119 7
1120 6
1121 5
1122 4
1123 3
1125 6
1127 4
1128 8
1129 7
1130 6
1131 5
1132 9
1133 8
1134 7
1135 6
1136 7
1137 6
1138 5
1139 4
1141 7
1142 6
1144 9
1145 8
1146 7
1147 6
1148 10
1149 9
1150 8
1151 7
1152 9
1153 8
1154 7
1155 6
1157 9
1158 8
1159 7
1161 10
1162 9
1163 8
1164 12
1165 11
1166 10
1167 9
1168 8
1169 7
1170 6
1171 5
1173 8
1174 7
1175 6
1176 10
1178 8
1179 7
1180 11
1181 10
1182 9
1183 8
1184 7
1185 6
1186 5
1187 4
1189 7
1190 6
1191 5
1192 9
1193 8
1195 6
1196 10
1197 9
1198 8
1199 7
1200 8
1201 7
1202 6
1203 5
1205 8
1206 7
1207 6
1208 10
1209 9
1210 8
1212 11
1213 10
1214 9
1215 8
1216 10
1217 9
1218 8
1219 7
1221 10
1222 9
1223 8
1224 12
1225 11
1226 10
1227 9
1229 12
1230 11
1231 10
1232 9
1233 8
1234 7
1235 6
1237 9
1238 8
1239 7
1240 11
1241 10
1242 9
1243 8
1244 12
1246 10
1247 9
1248 8
1249 7
1250 6
1251 5
1253 8
1254 7
1255 6
1256 10
1257 9
1258 8
1259 7
1260 11
1261 10
1263 8
1264 9
1265 8
1266 7
1267 6
1269 9
1270 8
1271 7
1272 11
1273 10
1274 9
1275 8
1276 12
1277 11
1278 10
1281 5
1282 4
1283 3
1284 9
1286 5
1287 4
1288 8
1289 7
1290 6
1291 5
1292 9
1293 8
1294 7
1295 6
1296 7
1298 3
1299 2
1300 8
1302 4
1303 3
1304 7
1305 6
1306 5
1307 4
1308 8
1309 7
1310 6
1311 5
1312 6
1313 5
1315 1
1316 7
1318 5
1319 2
1320 8
1321 7
1322 6
1323 5
1324 9
1325 8
1326 7
1327 6
1328 7
1329 6
1330 5
1332 6
1334 4
1335 3
1336 7
1337 6
1338 5
1339 4
1340 8
1341 7
1342 6
1343 5
1344 7
1345 6
1346 5
1347 4
1350 6
1351 5
1352 9
1353 8
1354 7
1355 6
1356 10
1357 9
1358 8
1359 7
1376 5
1377 4
1378 3
1379 2
1380 6
1383 3
1384 7
1385 6
1386 5
1387 4
1388 8
1389 7
1390 6
1391 5
1392 6
1393 5
1394 4
1395 3
1396 7
1398 5
1400 8
1401 7
1402 6
1403 5
1404 9
1405 8
1406 7
1407 6
1408 8
1409 7
1410 6
1411 5
1412 9
1414 7
1415 6
1417 9
1418 8
1419 7
1420 11
1421 10
1422 9
1423 8
1424 7
1425 6
1426 5
1427 4
1428 8
1430 6
1431 5
1432 9
1434 7
1435 6
1436 10
1437 9
1438 8
1439 7
1440 6
1441 5
1442 4
1443 3
1444 7
1446 5
1447 4
1448 8
1449 7
1451 5
1452 9
1453 8
1454 7
1455 6
1456 7
1457 6
1458 5
1459 4
1460 8
1462 6
1463 5
1464 9
1465 8
1466 7
1468 10
1469 9
1470 8
1471 7
1472 9
1473 8
1474 7
1475 6
1476 10
1478 8
1479 7
1480 11
1481 10
1482 9
1483 8
1485 11
1486 10
1487 9
1488 8
1489 7
1490 6
1491 5
1492 9
1494 7
1495 6
1496 10
1497 9
1498 8
1499 7
1500 11
1502 9
1503 8
1504 7
1505 6
1506 5
1507 4
1508 8
1510 6
1511 5
1512 9
1513 8
1514 7
1515 6
1516 10
1517 9
1519 7
1520 8
1521 7
1522 6
1523 5
1524 9
1526 7
1527 6
1528 10
1529 9
1530 8
1531 7
1532 11
1533 10
1534 9
1537 6
1538 5
1539 4
1540 8
1541 7
1543 5
1544 9
1545 8
1546 7
1547 6
1548 10
1549 9
1550 8
1551 7
1552 8
1554 4
1555 3
1556 9
1557 8
1559 4
1560 8
1561 7
1562 6
1563 5
1564 9
1565 8
1566 7
1567 6
1568 7
1569 6
1571 2
1572 8
1573 7
1575 3
1576 9
1577 8
1578 7
1579 6
1580 10
1581 9
1582 8
1583 7
1584 8
1585 7
1586 6
1588 7
1589 6
1591 4
1592 8
1593 7
1594 6
1595 5
1596 9
1597 8
1598 7
1599 6
1600 8
1601 7
1602 6
1603 5
1605 8
1607 6
1608 10
1609 9
1610 8
1611 7
1612 11
1613 10
1614 9
1615 8
1616 7
1617 6
1618 5
1619 4
1620 8
1623 5
1624 9
1625 8
1626 7
1627 6
1628 10
1629 9
1630 8
1631 7
1648 7
1649 6
1650 5
1651 4
1652 8
1653 7
1656 9
1657 8
1658 7
1659 6
1660 10
1661 9
1662 8
1663 7
1664 9
1665 8
1666 7
1667 6
1668 10
1669 9
1671 7
1673 10
1674 9
1675 8
1676 12
1677 11
1678 10
1679 9
1680 8
1681 7
1682 6
1683 5
1684 9
1685 8
1687 6
1688 10
1690 8
1691 7
1692 11
1693 10
1694 9
1695 8
1696 7
1697 6
1698 5
1699 4
1700 8
1701 7
1703 5
1704 9
1705 8
1707 6
1708 10
1709 9
1710 8
1711 7
1712 8
1713 7
1714 6
1715 5
1716 9
1717 8
1719 6
1720 10
1721 9
1722 8
1724 11
1725 10
1726 9
1727 8
1728 10
1729 9
1730 8
1731 7
1732 11
1733 10
1735 8
1736 12
1737 11
1738 10
1739 9
1741 12
1742 11
1743 10
1744 9
1745 8
1746 7
1747 6
1748 10
1749 9
1751 7
1752 11
1753 10
1754 9
1755 8
1756 12
1758 10
1759 9
1760 8
1761 7
1762 6
1763 5
1764 9
1765 8
1767 6
1768 10
1769 9
1770 8
1771 7
1772 11
1773 10
1775 8
1776 9
1777 8
1778 7
1779 6
1780 10
1781 9
1783 7
1784 11
1785 10
1786 9
1787 8
1788 12
1789 11
1790 10
1793 7
1794 6
1795 5
1796 9
1797 8
1798 7
1800 10
1801 9
1802 8
1803 7
1804 11
1805 10
1806 9
1807 8
1808 9
1810 5
1811 4
1812 10
1813 9
1814 6
1816 9
1817 8
1818 7
1819 6
1820 10
1821 9
1822 8
1823 7
1824 8
1825 7
1827 3
1828 9
1829 8
1830 7
1832 10
1833 9
1834 8
1835 7
1836 11
1837 10
1838 9
1839 8
1840 9
1841 8
1842 7
1844 8
1845 7
1846 8
1848 9
1849 8
1850 7
1851 6
1852 10
1853 9
1854 8
1855 7
1856 9
1857 8
1858 7
1859 6
1861 9
1862 8
1864 11
1865 10
1866 9
1867 8
1868 12
1869 11
1870 10
1871 9
1872 8
1873 7
1874 6
1875 5
1876 9
1878 7
1880 10
1881 9
1882 8
1883 7
1884 11
1885 10
1886 9
1887 8
1888 9
1889 8
1890 5
1891 4
1892 10
1893 9
1896 9
1897 8
1898 7
1899 6
1900 10
1901 9
1902 8
1903 7
1920 10
1921 9
1922 8
1923 7
1924 11
1925 10
1926 9
1929 11
1930 10
1931 9
1932 13
1933 12
1934 11
1935 10
1936 9
1937 8
1938 7
1939 6
1940 10
1941 9
1942 8
1944 11
1946 9
1947 8
1948 12
1949 11
1950 10
1951 9
1952 8
1953 7
1954 6
1955 5
1956 9
1957 8
1958 7
1960 10
1961 9
1963 7
1964 11
1965 10
1966 9
1967 8
1968 9
1969 8
1970 7
1971 6
1972 10
1973 9
1974 8
1976 11
1977 10
1978 9
1980 12
1981 11
1982 10
1983 9
1984 11
1985 10
1986 9
1987 8
1988 12
1989 11
1990 10
1992 13
1993 12
1994 11
1995 10
1997 13
1998 12
1999 11
2000 10
2001 9
2002 8
2003 7
2004 11
2005 10
2006 9
2008 12
2009 11
2010 10
2011 9
2012 13
2014 11
2015 10
2016 9
2017 8
2018 7
2019 6
2020 10
2021 9
2022 8
2024 11
2025 10
2026 9
2027 8
2028 12
2029 11
2031 9
2032 10
2033 9
2034 8
2035 7
2036 11
2037 10
2038 9
2040 12
2041 11
2042 10
2043 9
2044 13
2045 12
2046 11
2049 7
2050 6
2051 5
2052 9
2053 8
2054 7
2055 6
2057 9
2058 8
2059 7
2060 11
2061 10
2062 9
2063 8
2064 9
2066 5
2067 4
2068 8
2069 7
2070 6
2071 5
2073 8
2074 7
2075 6
2076 10
2077 9
2078 8
2079 7
2080 8
2081 7
2083 3
2084 9
2085 8
2086 7
2087 4
2089 9
2090 8
2091 7
2092 11
2093 10
2094 9
2095 8
2096 9
2097 8
2098 7
2100 8
2101 7
2102 6
2103 5
2105 8
2106 7
2107 6
2108 10
2109 9
2110 8
2111 7
2112 9
2113 8
2114 7
2115 6
2117 9
2118 8
2119 7
2121 10
2122 9
2123 8
2124 12
2125 11
2126 10
2127 9
2128 8
2129 7
2130 6
2131 5
2132 9
2134 7
2135 6
2137 9
2138 8
2139 7
2140 11
2141 10
2142 9
2143 8
2144 7
2145 6
2146 5
2147 4
2148 8
2149 7
2151 5
2153 8
2154 7
2155 6
2156 10
2157 9
2158 8
2159 7
2160 8
2161 7
2162 6
2163 5
2164 9
2165 8
2166 7
2169 9
2170 8
2171 7
2172 11
2173 10
2174 9
2175 8
2192 9
2193 8
2194 7
2195 6
2196 10
2197 9
2198 8
2199 7
2202 9
2203 8
2204 12
2205 11
2206 10
2207 9
2208 8
2209 7
2210 6
2211 5
2212 9
2213 8
2214 7
2215 6
2217 9
2219 7
2220 11
2221 10
2222 9
2223 8
2224 9
2225 8
2226 7
2227 6
2228 10
2229 9
2230 8
2231 7
2233 10
2234 9
2236 12
2237 11
2238 10
2239 9
2240 11
2241 10
2242 9
2243 8
2244 12
2245 11
2246 10
2247 9
2249 12
2250 11
2251 10
2253 13
2254 12
2255 11
2256 10
2257 9
2258 8
2259 7
2260 11
2261 10
2262 9
2263 8
2265 11
2266 10
2267 9
2268 13
2270 11
2271 10
2272 9
2273 8
2274 7
2275 6
2276 10
2277 9
2278 8
2279 7
2281 10
2282 9
2283 8
2284 12
2285 11
2287 9
2288 10
2289 9
2290 8
2291 7
2292 11
2293 10
2294 9
2295 8
2297 11
2298 10
2299 9
2300 13
2301 12
2302 11
2305 6
2306 5
2307 4
2308 8
2309 7
2310 6
2311 5
2312 9
2314 7
2315 6
2316 10
2317 9
2318 8
2319 7
2320 8
2322 4
2323 3
2324 7
2325 6
2326 5
2327 4
2328 8
2330 6
2331 5
2332 9
2333 8
2334 7
2335 6
2336 7
2337 6
2339 2
2340 8
2341 7
2342 6
2343 3
2344 9
2346 7
2347 6
2348 10
2349 9
2350 8
2351 7
2352 8
2353 7
2354 6
2356 7
2357 6
2358 5
2359 4
2360 8
2362 6
2363 5
2364 9
2365 8
2366 7
2367 6
2368 8
2369 7
2370 6
2371 5
2373 8
2374 7
2375 6
2376 10
2378 8
2379 7
2380 11
2381 10
2382 9
2383 8
2384 7
2385 6
2386 5
2387 4
2388 8
2390 6
2391 5
2392 9
2394 7
2395 6
2396 10
2397 9
2398 8
2399 7
2400 6
2401 5
2402 4
2403 3
2404 7
2405 6
2407 4
2408 8
2410 6
2411 5
2412 9
2413 8
2414 7
2415 6
2416 7
2417 6
2418 5
2419 4
2420 8
2421 7
2422 6
2424 9
2426 7
2427 6
2428 10
2429 9
2430 8
2431 7
2432 9
2433 8
2434 7
2435 6
2436 10
2437 9
2438 8
2439 7
2442 9
2443 8
2444 12
2445 11
2446 10
2447 9
2464 7
2465 6
2466 5
2467 4
2468 8
2469 7
2470 6
2471 5
2472 9
2475 6
2476 10
2477 9
2478 8
2479 7
2480 8
2481 7
2482 6
2483 5
2484 9
2485 8
2486 7
2487 6
2488 10
2490 8
2492 11
2493 10
2494 9
2495 8
2496 10
2497 9
2498 8
2499 7
2500 11
2501 10
2502 9
2503 8
2504 12
2506 10
2507 9
2509 12
2510 11
2511 10
2512 9
2513 8
2514 7
2515 6
2516 10
2517 9
2518 8
2519 7
2520 11
2522 9
2523 8
2524 12
2526 10
2527 9
2528 8
2529 7
2530 6
2531 5
2532 9
2533 8
2534 7
2535 6
2536 10
2538 8
2539 7
2540 11
2541 10
2543 8
2544 9
2545 8
2546 7
2547 6
2548 10
2549 9
2550 8
2551 7
2552 11
2554 9
2555 8
2556 12
2557 11
2558 10
2561 7
2562 6
2563 5
2564 9
2565 8
2566 7
2567 6
2568 10
2569 9
2571 7
2572 11
2573 10
2574 9
2575 8
2576 9
2578 5
2579 4
2580 8
2581 7
2582 6
2583 5
2584 9
2585 8
2587 6
2588 10
2589 9
2590 8
2591 7
2592 8
2593 7
2595 3
2596 9
2597 8
2598 7
2599 4
2600 10
2601 9
2603 7
2604 11
2605 10
2606 9
2607 8
2608 9
2609 8
2610 7
2612 8
2613 7
2614 6
2615 5
2616 9
2617 8
2619 6
2620 10
2621 9
2622 8
2623 7
2624 9
2625 8
2626 7
2627 6
2629 9
2630 8
2631 7
2632 11
2633 10
2635 8
2636 12
2637 11
2638 10
2639 9
2640 8
2641 7
2642 6
2643 5
2644 9
2646 7
2647 6
2648 10
2649 9
2651 7
2652 11
2653 10
2654 9
2655 8
2656 7
2657 6
2658 5
2659 4
2660 8
2661 7
2663 5
2664 9
2665 8
2667 6
2668 10
2669 9
2670 8
2671 7
2672 8
2673 7
2674 6
2675 5
2676 9
2677 8
2678 7
2680 10
2681 9
2683 7
2684 11
2685 10
2686 9
2687 8
2688 10
2689 9
2690 8
2691 7
2692 11
2693 10
2694 9
2695 8
2697 11
2699 9
2700 13
2701 12
2702 11
2703 10
2704 9
2705 8
2706 7
2707 6
2708 10
2709 9
2710 8
2711 7
2712 11
2715 8
2716 12
2717 11
2718 10
2719 9
2736 9
2737 8
2738 7
2739 6
2740 10
2741 9
2742 8
2743 7
2744 11
2745 10
2748 12
2749 11
2750 10
2751 9
2752 11
2753 10
2754 9
2755 8
2756 12
2757 11
2758 10
2759 9
2760 13
2761 12
2763 10
2765 13
2766 12
2767 11
2768 10
2769 9
2770 8
2771 7
2772 11
2773 10
2774 9
2775 8
2776 12
2777 11
2779 9
2780 13
2782 11
2783 10
2784 9
2785 8
2786 7
2787 6
2788 10
2789 9
2790 8
2791 7
2792 11
2793 10
2795 8
2796 12
2797 11
2799 9
2800 10
2801 9
2802 8
2803 7
2804 11
2805 10
2806 9
2807 8
2808 12
2809 11
2811 9
2812 13
2813 12
2814 11
2817 8
2818 7
2819 6
2820 10
2821 9
2822 8
2823 7
2824 11
2825 10
2826 9
2828 12
2829 11
2830 10
2831 9
2832 10
2834 6
2835 5
2836 9
2837 8
2838 7
2839 6
2840 10
2841 9
2842 8
2844 11
2845 10
2846 9
2847 8
2848 9
2849 8
2851 4
2852 10
2853 9
2854 8
2855 5
2856 11
2857 10
2858 9
2860 12
2861 11
2862 10
2863 9
2864 10
2865 9
2866 8
2868 9
2869 8
2870 7
2871 6
2872 10
2873 9
2874 8
2876 11
2877 10
2878 9
2879 8
2880 10
2881 9
2882 8
2883 7
2885 10
2886 9
2887 8
2888 12
2889 11
2890 10
2892 13
2893 12
2894 11
2895 10
2896 9
2897 8
2898 7
2899 6
2900 10
2902 8
2903 7
2904 11
2905 10
2906 9
2908 12
2909 11
2910 10
2911 9
2912 8
2913 7
2914 6
2915 5
2916 9
2917 8
2919 6
2920 10
2921 9
2922 8
2924 11
2925 10
2926 9
2927 8
2928 9
2929 8
2930 7
2931 6
2932 10
2933 9
2934 8
2936 11
2937 10
2938 9
2940 12
2941 11
2942 10
2943 9
2944 11
2945 10
2946 9
2947 8
2948 12
2949 11
2950 10
2951 9
2953 12
2954 11
2956 14
2957 13
2958 12
2959 11
2960 10
2961 9
2962 8
2963 7
2964 11
2965 10
2966 9
2967 8
2968 12
2970 10
2972 13
2973 12
2974 11
2975 10
2976 9
2977 8
2978 7
2979 6
2980 10
2981 9
2982 8
2983 7
2984 11
2985 10
2988 12
2989 11
2990 10
2991 9
3008 12
3009 11
3010 10
3011 9
3012 13
3013 12
3014 11
3015 10
3016 14
3017 13
3018 12
3021 14
3022 13
3023 12
3024 11
3025 10
3026 9
3027 8
3028 12
3029 11
3030 10
3031 9
3032 13
3033 12
3034 11
3036 14
3038 12
3039 11
3040 10
3041 9
3042 8
3043 7
3044 11
3045 10
3046 9
3047 8
3048 12
3049 11
3050 10
3052 13
3053 12
3055 10
3056 11
3057 10
3058 9
3059 8
3060 12
3061 11
3062 10
3063 9
3064 13
3065 12
3066 11
3068 14
3069 13
3070 12
3073 8
3074 7
3075 6
3076 10
3077 9
3078 8
3079 7
3080 11
3081 10
3082 9
3083 8
3085 11
3086 10
3087 9
3088 10
3090 6
3091 5
3092 9
3093 8
3094 7
3095 6
3096 10
3097 9
3098 8
3099 7
3101 10
3102 9
3103 8
3104 9
3105 8
3107 4
3108 10
3109 9
3110 8
3111 5
3112 11
3113 10
3114 9
3115 8
3117 11
3118 10
3119 9
3120 10
3121 9
3122 8
3124 9
3125 8
3126 7
3127 6
3128 10
3129 9
3130 8
3131 7
3133 10
3134 9
3135 8
3136 10
3137 9
3138 8
3139 7
3141 10
3142 9
3143 8
3144 12
3145 11
3146 10
3147 9
3149 12
3150 11
3151 10
3152 9
3153 8
3154 7
3155 6
3156 10
3158 8
3159 7
3160 11
3161 10
3162 9
3163 8
3165 11
3166 10
3167 9
3168 8
3169 7
3170 6
3171 5
3172 9
3173 8
3175 6
3176 10
3177 9
3178 8
3179 7
3181 10
3182 9
3183 8
3184 9
3185 8
3186 7
3187 6
3188 10
3189 9
3190 8
3192 11
3193 10
3194 9
3195 8
3197 11
3198 10
3199 9
3200 11
3201 10
3202 9
3203 8
3204 12
3205 11
3206 10
3207 9
3209 12
3210 11
3211 10
3213 13
3214 12
3215 11
3216 10
3217 9
3218 8
3219 7
3220 11
3221 10
3222 9
3223 8
3224 12
3226 10
3227 9
3229 12
3230 11
3231 10
3232 9
3233 8
3234 7
3235 6
3236 10
3237 9
3238 8
3239 7
3240 11
3241 10
3243 8
3245 11
3246 10
3247 9
3248 10
3249 9
3250 8
3251 7
3252 11
3253 10
3254 9
3255 8
3256 12
3257 11
3258 10
3261 12
3262 11
3263 10
3280 11
3281 10
3282 9
3283 8
3284 12
3285 11
3286 10
3287 9
3288 13
3289 12
3290 11
3291 10
3294 12
3295 11
3296 10
3297 9
3298 8
3299 7
3300 11
3301 10
3302 9
3303 8
3304 12
3305 11
3306 10
3307 9
3309 12
3311 10
3312 11
3313 10
3314 9
3315 8
3316 12
3317 11
3318 10
3319 9
3320 13
3321 12
3322 11
3323 10
3325 13
3326 12
3329 7
3330 6
3331 5
3332 9
3333 8
3334 7
3335 6
3336 10
3337 9
3338 8
3339 7
3340 11
3342 9
3343 8
3344 9
3346 5
3347 4
3348 8
3349 7
3350 6
3351 5
3352 9
3353 8
3354 7
3355 6
3356 10
3358 8
3359 7
3360 8
3361 7
3363 3
3364 9
3365 8
3366 7
3367 4
3368 10
3369 9
3370 8
3371 7
3372 11
3374 9
3375 8
3376 9
3377 8
3378 7
3380 8
3381 7
3382 6
3383 5
3384 9
3385 8
3386 7
3387 6
3388 10
3390 8
3391 7
3392 9
3393 8
3394 7
3395 6
3397 9
3398 8
3399 7
3400 11
3401 10
3402 9
3403 8
3404 12
3406 10
3407 9
3408 8
3409 7
3410 6
3411 5
3412 9
3414 7
3415 6
3416 10
3417 9
3418 8
3419 7
3420 11
3422 9
3423 8
3424 7
3425 6
3426 5
3427 4
3428 8
3429 7
3431 5
3432 9
3433 8
3434 7
3435 6
3436 10
3438 8
3439 7
3440 8
3441 7
3442 6
3443 5
3444 9
3445 8
3446 7
3448 10
3449 9
3450 8
3451 7
3452 11
3454 9
3455 8
3456 10
3457 9
3458 8
3459 7
3460 11
3461 10
3462 9
3463 8
3465 11
3466 10
3467 9
3468 13
3470 11
3471 10
3472 9
3473 8
3474 7
3475 6
3476 10
3477 9
3478 8
3479 7
3480 11
3482 9
3483 8
3484 12
3486 10
3487 9
3488 8
3489 7
3490 6
3491 5
3492 9
3493 8
3494 7
3495 6
3496 10
3497 9
3499 7
3500 11
3502 9
3503 8
3504 9
3505 8
3506 7
3507 6
3508 10
3509 9
3510 8
3511 7
3512 11
3513 10
3514 9
3516 12
3518 10
3519 9
3520 11
3521 10
3522 9
3523 8
3524 12
3525 11
3526 10
3527 9
3528 13
3529 12
3530 11
3531 10
3534 12
3535 11
3552 9
3553 8
3554 7
3555 6
3556 10
3557 9
3558 8
3559 7
3560 11
3561 10
3562 9
3563 8
3564 12
3567 9
3568 10
3569 9
3570 8
3571 7
3572 11
3573 10
3574 9
3575 8
3576 12
3577 11
3578 10
3579 9
3580 13
3582 11
3585 8
3586 7
3587 6
3588 10
3589 9
3590 8
3591 7
3592 11
3593 10
3594 9
3595 8
3596 12
3597 11
3599 9
3600 10
3602 6
3603 5
3604 9
3605 8
3606 7
3607 6
3608 10
3609 9
3610 8
3611 7
3612 11
3613 10
3615 8
3616 9
3617 8
3619 4
3620 10
3621 9
3622 8
3623 5
3624 11
3625 10
3626 9
3627 8
3628 12
3629 11
3631 9
3632 10
3633 9
3634 8
3636 9
3637 8
3638 7
3639 6
3640 10
3641 9
3642 8
3643 7
3644 11
3645 10
3647 8
3648 10
3649 9
3650 8
3651 7
3653 10
3654 9
3655 8
3656 12
3657 11
3658 10
3659 9
3660 13
3661 12
3663 10
3664 9
3665 8
3666 7
3667 6
3668 10
3670 8
3671 7
3672 11
3673 10
3674 9
3675 8
3676 12
3677 11
3679 9
3680 8
3681 7
3682 6
3683 5
3684 9
3685 8
3687 6
3688 10
3689 9
3690 8
3691 7
3692 11
3693 10
3695 8
3696 9
3697 8
3698 7
3699 6
3700 10
3701 9
3702 8
3704 11
3705 10
3706 9
3707 8
3708 12
3709 11
3711 9
3712 11
3713 10
3714 9
3715 8
3716 12
3717 11
3718 10
3719 9
3721 12
3722 11
3723 10
3724 14
3725 13
3727 11
3728 10
3729 9
3730 8
3731 7
3732 11
3733 10
3734 9
3735 8
3736 12
3738 10
3739 9
3740 13
3741 12
3743 10
3744 9
3745 8
3746 7
3747 6
3748 10
3749 9
3750 8
3751 7
3752 11
3753 10
3755 8
3756 12
3757 11
3759 9
3760 10
3761 9
3762 8
3763 7
3764 11
3765 10
3766 9
3767 8
3768 12
3769 11
3770 10
3772 13
3773 12
3775 10
3776 12
3777 11
3778 10
3779 9
3780 13
3781 12
3782 11
3783 10
3784 14
3785 13
3786 12
3787 11
3789 14
3791 12
3792 11
3793 10
3794 9
3795 8
3796 12
3797 11
3798 10
3799 9
3800 13
3801 12
3802 11
3803 10
3804 14
3807 11
3824 11
3825 10
3826 9
3827 8
3828 12
3829 11
3830 10
3831 9
3832 13
3833 12
3834 11
3835 10
3836 14
3837 13
3841 9
3842 8
3843 7
3844 11
3845 10
3846 9
3847 8
3848 12
3849 11
3850 10
3851 9
3852 13
3853 12
3854 11
3856 11
3858 7
3859 6
3860 10
3861 9
3862 8
3863 7
3864 11
3865 10
3866 9
3867 8
3868 12
3869 11
3870 10
3872 10
3873 9
3875 5
3876 11
3877 10
3878 9
3879 6
3880 12
3881 11
3882 10
3883 9
3884 13
3885 12
3886 11
3888 11
3889 10
3890 9
3892 10
3893 9
3894 8
3895 7
3896 11
3897 10
3898 9
3899 8
3900 12
3901 11
3902 10
3904 11
3905 10
3906 9
3907 8
3909 11
3910 10
3911 9
3912 13
3913 12
3914 11
3915 10
3916 14
3917 13
3918 12
3920 10
3921 9
3922 8
3923 7
3924 11
3926 9
3927 8
3928 12
3929 11
3930 10
3931 9
3932 13
3933 12
3934 11
3936 9
3937 8
3938 7
3939 6
3940 10
3941 9
3943 7
3944 11
3945 10
3946 9
3947 8
3948 12
3949 11
3950 10
3952 10
3953 9
3954 8
3955 7
3956 11
3957 10
3958 9
3960 12
3961 11
3962 10
3963 9
3964 13
3965 12
3966 11
3968 12
3969 11
3970 10
3971 9
3972 13
3973 12
3974 11
3975 10
3977 13
3978 12
3979 11
3980 15
3981 14
3982 13
3984 11
3985 10
3986 9
3987 8
3988 12
3989 11
3990 10
3991 9
3992 13
3994 11
3995 10
3996 14
3997 13
3998 12
4000 10
4001 9
4002 8
4003 7
4004 11
4005 10
4006 9
4007 8
4008 12
4009 11
4011 9
4012 13
4013 12
4014 11
4016 11
4017 10
4018 9
4019 8
4020 12
4021 11
4022 10
4023 9
4024 13
4025 12
4026 11
4028 14
4029 13
4030 12
4032 13
4033 12
4034 11
4035 10
4036 14
4037 13
4038 12
4039 11
4040 15
4041 14
4042 13
4043 12
4045 15
4046 14
4048 12
4049 11
4050 10
4051 9
4052 13
4053 12
4054 11
4055 10
4056 14
4057 13
4058 12
4059 11
4060 15
4062 13
4064 11
4065 10
4066 9
4067 8
4068 12
4069 11
4070 10
4071 9
4072 13
4073 12
4074 11
4075 10
4076 14
4077 13
